"","init.eff","reduced.eff","%_reduct"
"1",0.211669310770316,0.197397790209012,0.0674236643440013
"2",0.212687290675128,0.200199688291447,0.058713439547992
"3",0.214220870791468,0.198520080153628,0.0732925348488775
"4",0.212687290675128,0.199074615234756,0.0640032387321401
"5",0.208540454785828,0.196118950210125,0.0595640044444116
"6",0.20279834302838,0.185817260861095,0.0837338309263641
"7",0.210378106821787,0.199483732709916,0.0517847331001029
"8",0.213555438039838,0.201616988116111,0.0559032822264135
"9",0.216776837652036,0.194140853302162,0.104420677942577
"10",0.207663493742288,0.187122540424703,0.0989146091468376
"11",0.216358187907633,0.1951392947594,0.0980729842186118
"12",0.215604618367707,0.1975696473797,0.0836483518977718
"13",0.214326634937423,0.194723219504049,0.0914651388946458
"14",0.216106998060991,0.189046366647185,0.125218672493746
"15",0.213079499383042,0.195714007403078,0.0814977134367454
"16",0.204984135378107,0.190232668169547,0.0719639458017061
"17",0.214009342499559,0.193390804597701,0.0963441019024701
"18",0.214361889652741,0.200448081044224,0.0649080330046414
"19",0.21409307244844,0.195402298850575,0.0873020942906341
"20",0.212823902696986,0.188589936266733,0.113868630934544
"21",0.217468711440155,0.19194428209624,0.117370582530624
"22",0.214947999294906,0.197004675628288,0.0834775095626741
"23",0.217098536929314,0.193458990843561,0.10888855549243
"24",0.215798519301957,0.193980128579778,0.101105377334166
"25",0.212920853164111,0.184419442820962,0.133859177809984
"26",0.206323814560197,0.186942333917787,0.0939371961677055
"27",0.216649039309008,0.19264075589324,0.110816477619015
"28",0.21447206063811,0.194257744009351,0.094251514946125
"29",0.213863916798872,0.190590298071303,0.1088244294593
"30",0.217349726775956,0.201602376777713,0.072451666868097
"31",0.215234443856866,0.194062926164037,0.0983649146179812
"32",0.214071038251366,0.188710305864017,0.118468769033436
"33",0.214520535871673,0.193983607469873,0.0957340905305462
"34",0.205905164815794,0.185122178620133,0.100934749326244
"35",0.202793936188965,0.189017143970388,0.067934931771038
"36",0.206107879428874,0.187614455484122,0.0897269138666445
"37",0.211664903930901,0.193761654281818,0.0845829862041156
"38",0.216591750396616,0.192932982661212,0.109232081517789
"39",0.215388683236383,0.197150789012274,0.0846743382710308
"40",0.212581526529173,0.192512036959728,0.0944084365989851
"41",0.210682178741407,0.197496590687707,0.0625852083572946
"42",0.2147673188789,0.192061172803429,0.105724400686282
"43",0.21215406310594,0.189791544905513,0.105406975822378
"44",0.212039485281156,0.190453925579583,0.101799717505217
"45",0.212052705799401,0.189231443600234,0.107620707376191
"46",0.212947294200599,0.181029612312488,0.149885360168252
"47",0.213013396791821,0.185557735660015,0.12889171078117
"48",0.215128679710911,0.196303331385155,0.0875073855845434
"49",0.2132161114049,0.196556942473073,0.0781327865988093
"50",0.212982548915918,0.193551529320086,0.091232918822391
"51",0.213758152652917,0.195913695694526,0.0834796555683471
"52",0.213176449850167,0.200253263198909,0.0606220183343028
"53",0.214560197426406,0.192270601987142,0.103885043482536
"54",0.213846289441213,0.185135398402494,0.134259477280347
"55",0.202313590692755,0.186712031393504,0.0771157253738052
"56",0.215556143134144,0.19221702707968,0.10827395459539
"57",0.213026617310065,0.190369040661267,0.106360308091543
"58",0.213573065397497,0.19593804792519,0.0825713553321208
"59",0.211493037193725,0.195923436586791,0.0736175564620211
"60",0.212096774193548,0.192015251454176,0.0946809437141509
"61",0.213357130266173,0.197145918566141,0.075981579241379
"62",0.215027322404372,0.20017046561465,0.0690928790983227
"63",0.214824607791292,0.198884667835574,0.0741997861399772
"64",0.21418561607615,0.199540786507473,0.0683744774134169
"65",0.214264939185616,0.195041885836743,0.0897162803300296
"66",0.211127269522299,0.193166764075589,0.0850695672205071
"67",0.214181209236735,0.193366452367037,0.0971829272225836
"68",0.217191080557024,0.198441457237483,0.086327777694438
"69",0.213546624361008,0.193941165010715,0.0918088001107879
"70",0.214661554732946,0.194886031560491,0.0921241961424196
"71",0.213251366120219,0.194749659068771,0.0867600868780261
"72",0.213833068922968,0.195947788817456,0.0836413198182914
"73",0.215115459192667,0.186698811611144,0.132099513852569
"74",0.215979199717962,0.186859536333528,0.134826239853005
"75",0.216917856513309,0.198261250730567,0.0860076993320148
"76",0.204257006874669,0.182666082213131,0.105704695236168
"77",0.213295434514366,0.197988505747126,0.0717639775182758
"78",0.2143795170104,0.200438340151958,0.0650303585569041
"79",0.212361184558435,0.197823606356628,0.0684568520939215
"80",0.21402067437234,0.20202088725613,0.0560683548512416
"81",0.213564251718667,0.196259497369959,0.0810283285214989
"82",0.208238271511672,0.197357435083911,0.0522518572055624
"83",0.212405252952582,0.198899974951991,0.0635825988898967
"84",0.21496121981315,0.199712643678161,0.0709364049396611
"85",0.205900757976379,0.188398597311514,0.0850028957488027
"86",0.212625594923321,0.192562828755114,0.0943572488318834
"87",0.211680642643096,0.186964598814394,0.116761001478886
"88",0.211188965274105,0.19461328657705,0.0784874279560066
"89",0.215437158469945,0.190673095655562,0.114947964363529
"90",0.212647629120395,0.189791544905513,0.107483371949287
"91",0.212440507667901,0.189440872783947,0.108263885905921
"92",0.212028782956863,0.194628593693468,0.0820652225643126
"93",0.212709324872202,0.200472433274888,0.0575287031006551
"94",0.214670368411775,0.199951295538671,0.0685659272958903
"95",0.214009342499559,0.196697837521917,0.0808913516365668
"96",0.215410717433457,0.192036820572764,0.108508514057165
"97",0.21506257711969,0.196814728229106,0.0848490199223662
"98",0.213242552441389,0.196098772647574,0.0803956789934158
"99",0.212894412127622,0.194509267763213,0.0863580409681587
"100",0.211964569011105,0.197312209512677,0.0691264562128801
"101",0.211321170456549,0.19400587236648,0.0819383029757953
"102",0.214912744579588,0.194973699590882,0.092777396834747
"103",0.21400052882073,0.18820308368818,0.120548511140178
"104",0.214780539397144,0.193683031365673,0.0982282104826104
"105",0.214317821258593,0.195114942528736,0.0896000090757164
"106",0.212729470423812,0.189127076897387,0.110950276327033
"107",0.209544269849664,0.186040953494197,0.112163965983555
"108",0.215476820024678,0.196785505552309,0.0867439684242093
"109",0.214749691521241,0.197150789012274,0.0819507696812069
"110",0.212674070156883,0.199240210403273,0.063166420540599
"111",0.214943592455491,0.192260861094876,0.105528762692992
"112",0.211404900405429,0.199542178063511,0.0561137528939419
"113",0.212436100828486,0.196791767554479,0.0736425363344299
"114",0.214370703331571,0.195782193648938,0.086711987196689
"115",0.204186497444033,0.189236314046367,0.0732182763542644
"116",0.214163581879076,0.199191505941944,0.0699095327308532
"117",0.215943945002644,0.201300409117475,0.0678117457055331
"118",0.205750925436277,0.186791350087668,0.0921481898971144
"119",0.216111404900405,0.191046032673736,0.115983569854728
"120",0.213872730477701,0.202698227157608,0.0522483782534343
"121",0.215485633703508,0.201142467507166,0.0665620531161557
"122",0.206984840472413,0.193897330995519,0.0632293140262042
"123",0.213227443277681,0.194596587904595,0.0873755042348081
"124",0.209794515373574,0.19634786117837,0.0640944029030521
"125",0.215437158469945,0.191106565361387,0.112935917282591
"126",0.212832716375815,0.183411260471459,0.138237468399381
"127",0.211848102540858,0.182899515738499,0.136647845579716
"128",0.21553410893707,0.195991622832651,0.0906700391914522
"129",0.21389917151419,0.19041496201052,0.109791026012047
"130",0.214057817733122,0.19388341543514,0.0942474445064876
"131",0.212140842587696,0.198193064484707,0.0657477265238232
"132",0.21371408425877,0.190658484317163,0.107880582702682
"133",0.216538868323638,0.191140658484317,0.117291690106005
"134",0.213401198660321,0.195338983050847,0.0846397101931171
"135",0.215639873083025,0.197214104812001,0.085446944517213
"136",0.216490393090076,0.189041496201052,0.126790369296447
"137",0.213863916798872,0.19464737969998,0.0898540407681934
"138",0.214441212762207,0.192343658679135,0.10304714191099
"139",0.210949107300244,0.192064651693524,0.0895213819503975
"140",0.213154415653094,0.194418468731736,0.0878984695857783
"141",0.215895469769082,0.193059614260666,0.105772740543561
"142",0.215719196192491,0.196132865770505,0.0907954913966436
"143",0.212766613784594,0.191988116111436,0.0976586378076881
"144",0.214683588930019,0.196848821352036,0.083074666614583
"145",0.215230037017451,0.193264172998247,0.102057613907409
"146",0.214683588930019,0.192738164815897,0.102222178339285
"147",0.215238850696281,0.188004091174752,0.126532730654465
"148",0.212308932033945,0.190124126798586,0.104493037682522
"149",0.211241217798595,0.191648576438173,0.0927500871496681
"150",0.211307949938304,0.196454315215274,0.0702937808415034
"151",0.210558787237793,0.193219643205032,0.0823482328152819
"152",0.209741633300597,0.191796661193213,0.085557511043435
"153",0.20356513308655,0.190157524143497,0.0658639755235124
"154",0.214167988718491,0.188539840249367,0.119663767785627
"155",0.213361537105588,0.188091759205143,0.118436425999027
"156",0.211814736471003,0.195158776543931,0.0786345662467719
"157",0.214714436805923,0.195061367621274,0.0915311959317053
"158",0.215617838885951,0.191048120007793,0.113950306732989
"159",0.215631059404195,0.189109682446912,0.122994233903797
"160",0.214723250484752,0.195509448665498,0.0894817015664495
"161",0.212123215230037,0.193653808688876,0.0870692371937319
"162",0.212784241142253,0.198826222481979,0.0655970507277467
"163",0.211325577295963,0.201100720826028,0.0483843773232225
"164",0.214643927375286,0.195149035651666,0.0908243338724213
"165",0.214392737528644,0.19128190142217,0.107796730303826
"166",0.215230037017451,0.200501655951685,0.0684308810696888
"167",0.213180856689582,0.199011299435028,0.0664673060920598
"168",0.214145954521417,0.199225599064874,0.0696737675474074
"169",0.214234091309713,0.198743424897721,0.0723071959149471
"170",0.215234443856866,0.202016364699006,0.0614124715403342
"171",0.213965274105412,0.197626005399237,0.076364114571809
"172",0.213634761149304,0.196395869861679,0.0806932879035382
"173",0.214216463952054,0.195704266510812,0.0864181823362777
"174",0.20356513308655,0.188977484623306,0.0716608401549901
"175",0.204926846465715,0.192665108123904,0.0598347095721404
"176",0.204362771020624,0.182344632768362,0.107740456553314
"177",0.213194077207827,0.194686343269043,0.0868116702920473
"178",0.213066278864798,0.199515738498789,0.0635977707885317
"179",0.216785651330865,0.19107734268459,0.118588608094909
"180",0.215899876608496,0.182943697642704,0.152645659105927
"181",0.213581879076326,0.185846483537892,0.129858374026772
"182",0.214833421470122,0.182208260276641,0.151862596472298
"183",0.215093424995593,0.193103448275862,0.102234537016562
"184",0.212942887361185,0.193422810386574,0.0916681332563186
"185",0.213207297726071,0.194075450168378,0.0897335492815693
"186",0.212986955755332,0.192680415240322,0.0953417097445987
"187",0.204807861801516,0.179624836492166,0.122959270644385
"188",0.212713731711616,0.192757646600429,0.0938166283418082
"189",0.215393090075798,0.195784976761014,0.0910340870632539
"190",0.213277807156707,0.202016364699006,0.0528017547059005
"191",0.214106292966684,0.191890707188778,0.103759611499895
"192",0.214925965097832,0.18735632183908,0.128275070190807
"193",0.213630354309889,0.195324371712449,0.0856899884689875
"194",0.213330689229684,0.198426845899084,0.0698626315061203
"195",0.216018861272695,0.194131112409897,0.101323323036909
"196",0.215661907280099,0.202483927527762,0.0611048094609578
"197",0.21572800987132,0.191510812390415,0.112258011814741
"198",0.213017803631236,0.199357101110462,0.0641293933554147
"199",0.203670897232505,0.187614455484122,0.0788352286289235
"200",0.213996121981315,0.196459185661407,0.0819497856201321
"201",0.214895117221928,0.197608610948763,0.0804415963314479
"202",0.21292966684294,0.19114552893045,0.102306729895738
"203",0.210541159880134,0.191398792129359,0.0909198361103033
"204",0.2136039132734,0.183834989285019,0.139365068421192
"205",0.213251366120219,0.185476329631794,0.130245526646551
"206",0.215613432046536,0.195874732125463,0.0915467080771355
"207",0.218905341089371,0.193882719657121,0.114307952961432
"208",0.214560197426406,0.201587765439314,0.0604605707055294
"209",0.216349374228803,0.190429573348919,0.119805296281895
"210",0.215525295258241,0.190653613871031,0.115400289128054
"211",0.209880133967918,0.192144666165706,0.0845028420123019
"212",0.216997179622775,0.192986557568673,0.110649466024586
"213",0.213180856689582,0.197640616737636,0.0728969767420286
"214",0.213515776485105,0.193488909298377,0.09379572561995
"215",0.204309888947647,0.184258718098578,0.0981409708181425
"216",0.212374405076679,0.193103448275862,0.09074048633054
"217",0.214392737528644,0.195514319111631,0.0880553074447847
"218",0.215084611316764,0.19986362750828,0.0707674236445829
"219",0.214026969857218,0.194452561854666,0.091457670103964
"220",0.216609377754275,0.197715760763686,0.0872243722154169
"221",0.214956812973735,0.191525423728814,0.109005101633065
"222",0.212709324872202,0.188525228910968,0.11369551370521
"223",0.214621893178213,0.18562244301578,0.135118788363089
"224",0.21496121981315,0.181948039297542,0.153577378023364
"225",0.215049356601445,0.191082213130723,0.111449500940109
"226",0.212136435748281,0.182566585956416,0.139390716580871
"227",0.214004935660145,0.195475355542568,0.0865848260014115
"228",0.213996121981315,0.196220533800896,0.0830650014394695
"229",0.21331746871144,0.190103253458017,0.108824726796406
"230",0.214427992243963,0.192368010909799,0.10287827211041
"231",0.21409307244844,0.196064679524644,0.0842082030848396
"232",0.214018156178389,0.196015975063316,0.0841152051607615
"233",0.215437158469945,0.193351841028638,0.102513965548743
"234",0.213559844879253,0.181326709526593,0.150932565861736
"235",0.214569011105235,0.186996604603267,0.128501344905044
"236",0.214595452141724,0.191345217221898,0.108344490471641
"237",0.216917856513309,0.198353789207091,0.0855810932516676
"238",0.214326634937423,0.19918733127383,0.070636594784464
"239",0.213026617310065,0.200301967660238,0.0597326747732493
"240",0.215582584170633,0.197905708162868,0.0819958443107534
"241",0.214956812973735,0.194674515042721,0.0943552225697201
"242",0.212872377930548,0.194849851103504,0.0846635293984657
"243",0.21196897585052,0.193028304249812,0.0893558669362294
"244",0.209446375059807,0.196905179371573,0.0598778359599335
"245",0.21176626123744,0.194790709971891,0.0801617366541515
"246",0.210164689884415,0.195524755781915,0.0696593424449709
"247",0.208434690639873,0.197175489131947,0.0540178867220287
"248",0.213524590163934,0.191018897330996,0.105400941482478
"249",0.203640049356601,0.184843171634522,0.0923044252909398
"250",0.214167988718491,0.19986362750828,0.0667903793456895
"251",0.21264322228098,0.19770601987142,0.0702453727390489
"252",0.213731711616429,0.191929670757841,0.10200657962125
"253",0.214013749338974,0.198694720436392,0.071579648269787
"254",0.212920853164111,0.197769335671147,0.0711603267965729
"255",0.214467653798696,0.195256185466589,0.0895774630431646
"256",0.214339855455667,0.199001558542762,0.0715606385023302
"257",0.216261237440508,0.199332748879797,0.0782779603088474
"258",0.214908337740173,0.194735047730372,0.0938692757197277
"259",0.212008637405253,0.19214884083382,0.0936744691843414
"260",0.210400770567349,0.189378948540258,0.0999132368688847
"261",0.21148863035431,0.191355653892182,0.0951964955676275
"262",0.215926317644985,0.195650691603351,0.0939006706675298
"263",0.214798166754803,0.193868108318722,0.0974405822558699
"264",0.21486867618544,0.1961766997857,0.0869925609054694
"265",0.212762206945179,0.190775375024352,0.103339931637821
"266",0.214586638462894,0.190989674654198,0.109964739546337
"267",0.214049004054292,0.186693941165011,0.127798132068594
"268",0.213515776485105,0.188683866299296,0.116300118869864
"269",0.215851401374934,0.196678355737386,0.0888252080617481
"270",0.214621893178213,0.190195791934541,0.113809923498294
"271",0.215410717433457,0.185601569675211,0.138382844240117
"272",0.215873435572008,0.186153321644263,0.137673789500754
"273",0.213154415653094,0.189294759399961,0.111936016807477
"274",0.215820553499031,0.19690726670563,0.0876343169673376
"275",0.214079851930196,0.195577634911358,0.0864267087818744
"276",0.211756188461635,0.189391472544599,0.105615406470578
"277",0.213095867643726,0.189525061924244,0.110611275479495
"278",0.21582936717786,0.186421891959589,0.136253354225131
"279",0.211731006522122,0.192386101138293,0.0913654816155057
"280",0.209876356676991,0.190922184186357,0.0903111374274777
"281",0.212361184558435,0.194664774150455,0.0833316617854437
"282",0.213476114930372,0.175740307812196,0.176768286843165
"283",0.215036136083201,0.189811026690045,0.117306373954731
"284",0.211122862682884,0.197626005399237,0.0639289232446573
"285",0.205297020976556,0.190789986362751,0.0706636391740991
"286",0.212369998237264,0.178740502630041,0.158353326205954
"287",0.213211704565486,0.193790876958615,0.0910870613151804
"288",0.214873083024855,0.183864211961816,0.144312496598059
"289",0.215335801163406,0.19367816091954,0.100576124020505
"290",0.214569011105235,0.196551724137931,0.0839696602715278
"291",0.213564251718667,0.194776794411511,0.0879709837014555
"292",0.211576767142605,0.193069355152932,0.0874737441148211
"293",0.213220518244315,0.191822520942918,0.100356182780113
"294",0.21380662788648,0.194954217806351,0.0881750498873141
"295",0.212709324872202,0.195616598480421,0.0803572029672435
"296",0.215282919090428,0.200511396843951,0.0686144646722889
"297",0.213639167988718,0.195621468926554,0.0843370587509322
"298",0.205543803983783,0.182622248197935,0.111516646775966
"299",0.215106645513837,0.194062926164037,0.0978292386064249
"300",0.210585228274282,0.195041885836743,0.0738102219463098
"301",0.210368034045982,0.194139461746125,0.0771437180247188
"302",0.20193019566367,0.184429183713228,0.0866686227531376
"303",0.21466596157236,0.18944574323008,0.117485875066314
"304",0.216433104177684,0.187629066822521,0.133085174121588
"305",0.21475850520007,0.19129546909354,0.109253117051973
"306",0.211528291909043,0.191832261835184,0.0931129821741673
"307",0.213145601974264,0.198636275082798,0.0680723728619011
"308",0.204865150713908,0.19010812390415,0.0720328799619336
"309",0.204287854750573,0.184302552113774,0.0978291277335138
"310",0.205151595275868,0.186245860120787,0.0921549507312312
"311",0.2139917151419,0.193171634521722,0.0972938630188184
"312",0.213595099594571,0.192592051431911,0.098331133076208
"313",0.213943239908338,0.19484567643539,0.0892646268287323
"314",0.211651683412656,0.19253847652445,0.0903050076428726
"315",0.213564251718667,0.187127410870836,0.123788698881391
"316",0.213652388506963,0.19187609585038,0.101923937329974
"317",0.212916446324696,0.199025910773427,0.0652393734304871
"318",0.214049004054292,0.198503381481172,0.0726264653358395
"319",0.211819143310418,0.194138765968106,0.0834692137169203
"320",0.202996650802045,0.184633742450808,0.09045916904877
"321",0.214599858981139,0.196235145139295,0.0855765419839259
"322",0.214181209236735,0.187560880576661,0.124288814854206
"323",0.212581526529173,0.186650107149815,0.121983409389996
"324",0.211821661504369,0.20012941471153,0.0551985415929592
"325",0.21332628239027,0.191223456068576,0.103610422841653
"326",0.216710735060814,0.18791642314436,0.132869799497353
"327",0.211832363828662,0.18891973504773,0.108163966859494
"328",0.215106645513837,0.184658094681473,0.141550953758916
"329",0.213150008813679,0.18558834989285,0.129306393531145
"330",0.218032786885246,0.198100526008182,0.0914186401128478
"331",0.212638815441565,0.193848626534191,0.0883666929217749
"332",0.214450026441036,0.201928696668615,0.0583881008560492
"333",0.212585933368588,0.185783167738165,0.12607967613714
"334",0.213445267054469,0.185880576660822,0.12914172693561
"335",0.215653093601269,0.197793687901812,0.0828154393763459
"336",0.215208002820377,0.192338788233002,0.106265632725856
"337",0.214551383747576,0.202255016559517,0.0573119919959422
"338",0.210078441741583,0.197311513734658,0.0607721949053176
"339",0.211664903930901,0.200365283459965,0.05338447830078
"340",0.204243786356425,0.192850185076953,0.0557843226603192
"341",0.215661907280099,0.191963763880771,0.10988562467153
"342",0.214705623127093,0.201653864351117,0.0607890868710503
"343",0.205874316939891,0.193137541398792,0.0618667531259734
"344",0.206411951348493,0.192392363140464,0.0679204286207218
"345",0.211638462894412,0.199189418607887,0.0588222202914775
"346",0.211229256377326,0.200164203612479,0.0523840918375474
"347",0.211061166931077,0.189450613676213,0.102390001766272
"348",0.212471355543804,0.194752442180847,0.0833943630547618
"349",0.216666666666667,0.192918371322813,0.109607516971632
"350",0.197223691168694,0.180021429962985,0.0872220832283044
"351",0.211303543098889,0.197029027858952,0.0675545475035274
"352",0.213462894412128,0.195434304639448,0.084457721902114
"353",0.20511634056055,0.189552893045003,0.0758761952997732
"354",0.216362594747047,0.204548996688097,0.0546009261571403
"355",0.215851401374934,0.201578024547048,0.0661259400539752
"356",0.213793407368235,0.195426651081239,0.0859088992176534
"357",0.203040719196192,0.190682836547828,0.0608640606538811
"358",0.213551031200423,0.186562439119423,0.126380059741647
"359",0.210862859157412,0.197676797194623,0.0625338289326036
"360",0.214097479287855,0.201889733099552,0.0570195699123083
"361",0.205742111757448,0.191223456068576,0.0705672531736621
"362",0.214903930900758,0.195334112604715,0.0910631006795343
"363",0.209800810858452,0.192711725251176,0.0814538587212899
"364",0.202943768729067,0.191432885252289,0.0567195708883558
"365",0.211528291909043,0.1886400322841,0.108204247376917
"366",0.213158822492508,0.195197740112994,0.0842615012106537
"367",0.213330689229684,0.194462302746932,0.0884466578666422
"368",0.212995769434162,0.191501071498149,0.100916079193097
"369",0.216543275163053,0.196756282875511,0.0913766187042402
"370",0.213502555966861,0.196313072277421,0.0805118402990364
"371",0.214485281156355,0.201212741087084,0.061880889904029
"372",0.214718843645338,0.187346580946815,0.127479555281767
"373",0.212964921558258,0.195455873758036,0.0822156422386794
"374",0.211598801339679,0.194145723748295,0.0824819303364883
"375",0.212726952229861,0.196917007597896,0.0743203645153598
"376",0.196351136964569,0.181745567894019,0.0743849477845676
"377",0.213110347258946,0.196147477108903,0.0795966520078516
"378",0.20454345143663,0.191939411650107,0.0616203535141159
"379",0.212374405076679,0.194004480810442,0.0864978256659704
"380",0.212775427463423,0.197657315410092,0.0710519641932361
"381",0.211074387449321,0.200258133645042,0.051243800515003
"382",0.21418561607615,0.190473407364115,0.110708688783308
"383",0.21467477525119,0.195928307032924,0.0873249695793578
"384",0.214353075973911,0.19440872783947,0.0930443757050111
"385",0.212775427463423,0.193882719657121,0.0887917746495907
"386",0.214864269346025,0.194296707578414,0.0957235087537432
"387",0.212775427463423,0.19576758231054,0.0799333144604176
"388",0.21582936717786,0.197550165595168,0.0846928377806346
"389",0.213097126740702,0.201285797779077,0.0554269742735534
"390",0.214873083024855,0.191242937853107,0.109972570035745
"391",0.213859509959457,0.195772452756672,0.0845744816595413
"392",0.215106645513837,0.199522696278979,0.0724475489710327
"393",0.215265291732769,0.196478667445938,0.0872719616600013
"394",0.216018861272695,0.190200662380674,0.119518262155031
"395",0.214820200951877,0.190337034872394,0.113970501707926
"396",0.213070685704213,0.198585483287412,0.0679830844347564
"397",0.214022563017804,0.201573154100916,0.0581686750282137
"398",0.21428697338269,0.191364699006429,0.106969985223155
"399",0.214630706857042,0.196868303136567,0.0827579798835856
"400",0.21102843040971,0.19420416910189,0.0797250933211049
"401",0.210995693888343,0.197234630263561,0.0652196420276936
"402",0.216027674951525,0.18225696473797,0.156325851403681
"403",0.21331746871144,0.189226573154101,0.112934471343871
"404",0.212378811916094,0.200087668030392,0.0578736822887877
"405",0.213930019390093,0.200389635690629,0.0632935187780905
"406",0.211148044622397,0.190266065514458,0.0988973359676739
"407",0.213158822492508,0.180462553227018,0.153389237579594
"408",0.215485633703508,0.198392752776154,0.0793226009250903
"409",0.216190728009871,0.191856614065848,0.112558545725013
"410",0.214251718667372,0.186435807519969,0.129828182104749
"411",0.214546976908161,0.197696278979154,0.078540831345389
"412",0.216627005111934,0.186377362166374,0.139639298110265
"413",0.212281861448969,0.188347109738109,0.112749867310794
"414",0.214626300017627,0.191963763880771,0.105590676142647
"415",0.214132734003173,0.192402104032729,0.101482055378425
"416",0.213194077207827,0.191466978375219,0.101912300365771
"417",0.214128327163758,0.190356516656926,0.111016654459979
"418",0.209655385157765,0.188013832067017,0.103224408352127
"419",0.209487925260004,0.198353789207091,0.0531492974551787
"420",0.211660497091486,0.198621663744399,0.0616025830339577
"421",0.212343557200776,0.191540035067212,0.0979710541153517
"422",0.211312356777719,0.198975118978041,0.0583838919209793
"423",0.213163229331923,0.193690684923882,0.091350391289672
"424",0.21544156530936,0.191263115415658,0.112227414700518
"425",0.212140842587696,0.186002337814144,0.123212977070868
"426",0.214723250484752,0.183357685563998,0.146074376435457
"427",0.216040895469769,0.187093317747906,0.133991194856504
"428",0.215084611316764,0.197506331579973,0.0817272776010119
"429",0.212087960514719,0.196517631015001,0.0734144902045833
"430",0.214943592455491,0.189859731151373,0.116699739766896
"431",0.213405605499736,0.194474826751273,0.0887079732705793
"432",0.211889652741054,0.200715955581531,0.0527335668116743
"433",0.212986955755332,0.194890902006624,0.0849632020164476
"434",0.215719196192491,0.196308201831288,0.0899826937231964
"435",0.21283712321523,0.193690684923882,0.0899581708402742
"436",0.20980144040694,0.185783863516184,0.114477654892029
"437",0.214203243433809,0.194479697197406,0.0920786535265415
"438",0.215291732769258,0.200905902980713,0.0668201681667132
"439",0.214705623127093,0.191491330605883,0.10812149296839
"440",0.213707788773891,0.188868943252345,0.116228077900459
"441",0.212555085492685,0.193386977818597,0.0901794827898748
"442",0.214965626652565,0.195012663159945,0.0928193209459857
"443",0.213996121981315,0.196064679524644,0.0837933056480165
"444",0.20202273929138,0.188559322033898,0.066643078421303
"445",0.20376784769963,0.183304110656536,0.100426722243535
"446",0.216913449673894,0.183796025715956,0.152675751585376
"447",0.215481226864093,0.191710500681862,0.110314603866736
"448",0.210730653974969,0.189051237093318,0.1028773767495
"449",0.211131676361713,0.195187999220729,0.0755153249182272
"450",0.21283712321523,0.198595224179678,0.0669145439498837
"451",0.214789353075974,0.196325596281762,0.0859621602737485
"452",0.214256125506787,0.194556232779494,0.0919455286549953
"453",0.214930371937247,0.200862068965517,0.0654551650607896
"454",0.21612462541865,0.192226767971946,0.110574430842444
"455",0.215296139608673,0.188140463666472,0.126131736461042
"456",0.215252071214525,0.197180011689071,0.0839576568229311
"457",0.213573065397497,0.19294759399961,0.096573373423746
"458",0.213365943945003,0.193195986752387,0.0945322239326776
"459",0.214022563017804,0.201616988116111,0.0579638647756043
"460",0.21524766437511,0.201300409117475,0.0647963140418994
"461",0.213026617310065,0.194282096240016,0.0879914505836919
"462",0.211784518143587,0.197957891514291,0.0652862954785102
"463",0.203331570597567,0.179868358798809,0.115393845283362
"464",0.213154415653094,0.198207675823105,0.0701216523438757
"465",0.21419442975498,0.194618157023183,0.091394873126206
"466",0.216278864798167,0.202133255406195,0.0654044925063407
"467",0.212700511193372,0.197233586596532,0.0727169131379213
"468",0.213766966331747,0.185135398402494,0.133938224509486
"469",0.214925965097832,0.190843561270212,0.112049764748794
"470",0.205592279217345,0.182412819014222,0.112744799033134
"471",0.20733298078618,0.192631015000974,0.0709099233969343
"472",0.216472765732417,0.198275862068965,0.0840609376513649
"473",0.214220870791468,0.191325735437366,0.106876306073788
"474",0.212960514718844,0.192865492193371,0.0943603209825213
"475",0.213264586638463,0.197384570426651,0.0744615712440455
"476",0.213647981667548,0.201310150009741,0.0577484119508591
"477",0.212330336682531,0.197910578609001,0.0679119069786557
"478",0.216155473294553,0.196985193843756,0.0886874579607519
"479",0.211909798292664,0.198381620327851,0.0638393225504863
"480",0.213775780010576,0.194236174890763,0.0914023334114225
"481",0.215622245725366,0.197306643288525,0.084943009359845
"482",0.206041776837652,0.187297876485486,0.0909713585266497
"483",0.206711616428697,0.189640561075394,0.082583918834534
"484",0.213868323638287,0.191194929169798,0.106015673956636
"485",0.210523532522475,0.196054938632379,0.068726729580939
"486",0.212951701040014,0.190741281901422,0.104297918401781
"487",0.211308579486792,0.195086415629957,0.0767700199217354
"488",0.213634761149304,0.192679719462303,0.0980881649328407
"489",0.212982548915918,0.195640950711085,0.0814226249666991
"490",0.216525647805394,0.198363530099357,0.0838797523070356
"491",0.207447558610964,0.177147866744594,0.14605952496743
"492",0.214771725718315,0.197452756672511,0.0806389620788281
"493",0.213599506433986,0.19537794661991,0.0853071250878882
"494",0.213855103120042,0.198689849990259,0.0709136836508904
"495",0.21525647805394,0.20260081823495,0.0587933981518462
"496",0.214956812973735,0.195246444574323,0.0916945507645788
"497",0.214291380222105,0.194686343269043,0.0914877534165929
"498",0.215326987484576,0.194851938437561,0.0950881693288996
"499",0.215296139608673,0.200823105396454,0.0672238445079641
"500",0.213445267054469,0.186055912721605,0.128320270160284
"501",0.214282566543275,0.178472628092733,0.167115500939783
"502",0.214304600740349,0.190892265731541,0.109247934612353
"503",0.211343204653622,0.184804208065459,0.125572982730433
"504",0.212625594923321,0.185067212156634,0.129609903156889
"505",0.21144519150865,0.184785422058946,0.126083592913547
"506",0.212854750572889,0.185101305279564,0.130386778865063
"507",0.21514630706857,0.189143775569842,0.120859762145212
"508",0.213722897937599,0.192051431911163,0.101399832379044
"509",0.215379869557553,0.190712059224625,0.114531643015675
"510",0.215036136083201,0.200613676212741,0.0670699359333715
"511",0.215683941477173,0.195991622832651,0.0913017376706521
"512",0.216552088841883,0.196507890122735,0.092560634378285
"513",0.203446148422351,0.188713088976093,0.0724174901344055
"514",0.214361889652741,0.20086693941165,0.062954055233196
"515",0.214229684470298,0.196205922462498,0.0841328878038807
"516",0.213313061872025,0.201402688486265,0.0558351808428195
"517",0.212718138551031,0.195046756282875,0.0830741674806276
"518",0.213868323638287,0.19087278394701,0.107521952293268
"519",0.210986880209514,0.195698352397651,0.0724619834023846
"520",0.210572007756037,0.181891681278005,0.136201989920999
"521",0.212145878975599,0.188572541816259,0.111118525012928
"522",0.212898818967037,0.184992068130584,0.131079876214692
"523",0.212912039485281,0.191413403467758,0.100974261810168
"524",0.203067160232681,0.177319028137263,0.126796140084468
"525",0.215428344791116,0.188734658094681,0.12390981661358
"526",0.212704918032787,0.194460215412875,0.085774709812304
"527",0.205186849991186,0.187648548607052,0.0854747825452132
"528",0.205557024502027,0.186138710305864,0.0944667993867154
"529",0.213048651507139,0.201324761348139,0.0550291685775198
"530",0.212400846113168,0.197383178870613,0.0707043663778678
"531",0.214740877842411,0.190911747516072,0.110966903766809
"532",0.214137140842588,0.196317942723553,0.0832139536790264
"533",0.214635113696457,0.195338983050847,0.0899020216836403
"534",0.215005288207298,0.193127800506526,0.101753253992888
"535",0.216248016922263,0.194379505162673,0.101126993305339
"536",0.214740877842411,0.196766023767777,0.0837048551502394
"537",0.214727657324167,0.201753360607832,0.0604221034123639
"538",0.213436453375639,0.19493473602182,0.0866848987658971
"539",0.213291027674952,0.185997467368011,0.127963940182871
"540",0.215027322404372,0.185013637249172,0.139580797545147
"541",0.213158822492508,0.195114942528736,0.084649932631369
"542",0.215631059404195,0.19281122150789,0.105828158333768
"543",0.21545037898819,0.196356906292616,0.0886212072832785
"544",0.215137493389741,0.201013052795636,0.0656530871098191
"545",0.213454080733298,0.201095850379895,0.0578964352002452
"546",0.211726599682708,0.193420027274498,0.0864632617519167
"547",0.210526050716426,0.198856140936796,0.0554321412476871
"548",0.213061872025383,0.20107149814923,0.05627648796179
"549",0.216173100652212,0.197983635300994,0.0841430561727594
"550",0.216525647805394,0.192728423923631,0.109904873270028
"551",0.214987660849639,0.186099746736801,0.134370102910425
"552",0.215225630178036,0.182690434443795,0.151167849792462
"553",0.216552088841883,0.188481394895772,0.129625597685212
"554",0.215957165520888,0.191184492499513,0.114711049117652
"555",0.213445267054469,0.185739333722969,0.129803456004622
"556",0.215723603031906,0.193522306643289,0.102915471819435
"557",0.212907632645866,0.19986362750828,0.0612660287256258
"558",0.212956107879429,0.196320725835629,0.078116482356158
"559",0.213833068922968,0.199274303526203,0.0680847236121842
"560",0.213379164463247,0.181407419776794,0.149835363573933
"561",0.213930019390093,0.190926358854471,0.107528904083704
"562",0.214370703331571,0.193502824858757,0.09734482440232
"563",0.214670368411775,0.194338454259553,0.0947122525695858
"564",0.215807332980786,0.188895382817066,0.124703594599893
"565",0.21389035783536,0.196882914474966,0.0795147735153441
"566",0.213665609025207,0.197452756672511,0.075879559778772
"567",0.202556596409055,0.176890428877571,0.126711092042901
"568",0.212205056533454,0.190714842336701,0.101270980757074
"569",0.214220870791468,0.184208274192202,0.140101179163267
"570",0.214643927375286,0.18846956666945,0.121943168977117
"571",0.212963032912795,0.186048954941415,0.126379107224681
"572",0.21524766437511,0.195202610559127,0.0931255345983713
"573",0.213202890886656,0.189577245275667,0.110812970277916
"574",0.211632167409534,0.189735882663995,0.10346387798017
"575",0.216362594747047,0.183279758425872,0.152904601462435
"576",0.213978494623656,0.185042859925969,0.135226835521852
"577",0.214912744579588,0.197087473212546,0.0829418999878815
"578",0.211026541764247,0.172226628816342,0.183862715199354
"579",0.21400052882073,0.195777323202805,0.0851549560103666
"580",0.21448087431694,0.190522111825443,0.111705822571819
"581",0.214648334214701,0.191734852912527,0.106748936049302
"582",0.2139917151419,0.196123124878239,0.0835013180384695
"583",0.214586638462894,0.195884473017728,0.0871543800636026
"584",0.213824255244139,0.200063315799727,0.0643563071397105
"585",0.215282919090428,0.201889733099552,0.0622120233572766
"586",0.215185968623303,0.202401129943503,0.0594129754908937
"587",0.204997355896351,0.187692382622248,0.0844155925740453
"588",0.212885598448793,0.193776265620217,0.0897633891997281
"589",0.214630706857042,0.194973699590882,0.0915852514955024
"590",0.214621893178213,0.196235145139295,0.0856704214404179
"591",0.21496121981315,0.198765689794328,0.0753416361932613
"592",0.211528921457531,0.197576953048899,0.0659577343490241
"593",0.209358238271512,0.195544933344466,0.0659792757194094
"594",0.213643574828133,0.191691018897331,0.102753176398879
"595",0.213194077207827,0.195626339372687,0.0824025604520645
"596",0.210699806099066,0.198835963374245,0.0563068516505545
"597",0.212947294200599,0.194277225793883,0.0876745979647395
"598",0.204591926670192,0.192514124293785,0.0590336215752863
"599",0.214494094835184,0.1913159945451,0.108059386473524
"600",0.214313414419179,0.191119785143748,0.108222946931666
"601",0.211076905643273,0.193354624140714,0.0839612531202717
"602",0.21235677771902,0.200297097214105,0.0567897132102461
"603",0.20367530407192,0.190775375024352,0.0633357544565754
"604",0.203089194429755,0.184419442820962,0.0919288279281156
"605",0.211590617209337,0.198257771840472,0.0630124603099701
"606",0.214463246959281,0.201047145918566,0.0625566442312698
"607",0.214119513484929,0.1920124683421,0.103246288874015
"608",0.212247236282138,0.195188694998748,0.0803710878982428
"609",0.214009342499559,0.198607052406,0.0719701762253236
"610",0.204666842940243,0.183630430547438,0.10278368538155
"611",0.205323462013044,0.186440677966102,0.0919660318495066
"612",0.203468182619425,0.192348529125268,0.0546505765717488
"613",0.200048475233562,0.185053992374273,0.0749542471732568
"614",0.202357659086903,0.175774400935126,0.13136768962306
"615",0.194773488454081,0.174990259107734,0.101570442175504
"616",0.206389917151419,0.184517547521639,0.105975960122769
"617",0.21303102414948,0.193614845119813,0.0911424948886461
"618",0.213903578353605,0.202902785895188,0.0514287444047869
"619",0.212074739996475,0.198568088836937,0.0636881655955896
"620",0.2128283095364,0.196834905791656,0.0751469754168623
"621",0.204353957341794,0.189489577245276,0.0727384010071174
"622",0.214441212762207,0.195416910188973,0.0887157012786045
"623",0.210510312004231,0.187466254766079,0.109467593386532
"624",0.212682883835713,0.18930937073836,0.109898420953368
"625",0.211272695222986,0.18326027664134,0.132588920456949
"626",0.214035783536048,0.188909994155465,0.117390601540941
"627",0.213370350784417,0.186275082797584,0.126987033986786
"628",0.214423585404548,0.194778881745568,0.0916163379225134
"629",0.212577119689758,0.188228131696863,0.114541903796753
"630",0.213930019390093,0.182725223344744,0.145864503421788
"631",0.214326634937423,0.194116501071498,0.0942959509993962
"632",0.215102238674423,0.196785505552309,0.0851536145555335
"633",0.214269346025031,0.19812974868498,0.0753238745507063
"634",0.212568306010929,0.198952854081434,0.0640521260436403
"635",0.214176802397321,0.20110559127216,0.0610300040847173
"636",0.212383218755509,0.190076813893295,0.105029036629734
"637",0.213722897937599,0.197818040132476,0.0744181272039778
"638",0.21497003349198,0.196415351646211,0.0863128760058599
"639",0.212533051295611,0.196274108708358,0.0765007724122807
"640",0.214392737528644,0.196980323397623,0.0812173692623091
"641",0.212400846113168,0.197141048120008,0.0718443371220347
"642",0.214560197426406,0.192368010909799,0.103431050040017
"643",0.216525647805394,0.192577440093513,0.110602175560307
"644",0.212951701040014,0.18895382817066,0.112691623274915
"645",0.21303983782831,0.198344048314826,0.0689814152286735
"646",0.209681826194253,0.196376388077148,0.0634553712098024
"647",0.21438833068923,0.201363724917202,0.0607524007027571
"648",0.216459545214172,0.19451100720826,0.101397875451487
"649",0.212044521669059,0.18822395702875,0.112337562191239
"650",0.2143795170104,0.187400155854276,0.125848595669777
"651",0.215613432046536,0.192056302357296,0.109256317965181
"652",0.21545037898819,0.194632768361582,0.0966236899854742
"653",0.217089723250485,0.19753555425677,0.0900741347905845
"654",0.212418473470827,0.197915449055133,0.0682757209329306
"655",0.202054216715771,0.178457320976316,0.116784970504473
"656",0.215551736294729,0.193795051626729,0.10093486158818
"657",0.213647981667548,0.194686343269043,0.0887517787460791
"658",0.214123920324343,0.187672900837717,0.12353136187008
"659",0.213974087784241,0.194106760179232,0.0928492221218944
"660",0.21427815970386,0.196386824747433,0.0834958400854024
"661",0.212986955755332,0.192787565055245,0.0948386281613013
"662",0.214313414419179,0.193834015195792,0.0955581771625863
"663",0.216710735060814,0.198840833820378,0.0824596955726338
"664",0.205438039837828,0.186550610893101,0.0919373498678106
"665",0.213304248193196,0.190213186385016,0.108254111222698
"666",0.212964921558258,0.188651860510423,0.114164628005108
"667",0.215265291732769,0.182252094291837,0.153360521685562
"668",0.215705975674246,0.187475995658345,0.130872498676316
"669",0.215507667900582,0.18252970972141,0.153024523444728
"670",0.216433104177684,0.199137931034483,0.0799100175036176
"671",0.213277807156707,0.192624057220784,0.0968396581494645
"672",0.214793759915389,0.193400545489967,0.0995988637372381
"673",0.213678829543451,0.195485096434833,0.0851452300983255
"674",0.215639873083025,0.198548607052406,0.0792583754862369
"675",0.214789353075974,0.201441652055328,0.0621432153386317
"676",0.216146659615724,0.199327878433665,0.0778118949974075
"677",0.203529878371232,0.191788427819988,0.057689075654179
"678",0.213150008813679,0.201285797779077,0.0556613208727247
"679",0.215410717433457,0.200603935320475,0.0687374439368616
"680",0.21331746871144,0.200443210598091,0.060352573050474
"681",0.215913097126741,0.195231833235924,0.0957851291377494
"682",0.212524237616781,0.192699201246834,0.0932836489252351
"683",0.209800810858452,0.191973504773037,0.0849725318623424
"684",0.21418561607615,0.186474771089032,0.129377712167498
"685",0.21524766437511,0.193247474325791,0.102208728318555
"686",0.213524590163934,0.199590882524839,0.0652557517070867
"687",0.215040542922616,0.193259302552114,0.101288994505284
"688",0.212299488806628,0.187402938966352,0.117270889252836
"689",0.212065926317645,0.190979933761933,0.0994313085645289
"690",0.212444914507315,0.198946592079263,0.0635379879972958
"691",0.210398252373398,0.198973031643984,0.0543028309433719
"692",0.21690022915565,0.197145918566141,0.0910755634810005
"693",0.212691697514543,0.193790181180596,0.0888681436785
"694",0.213365943945003,0.200389635690629,0.0608171482967224
"695",0.212757800105764,0.1944428209624,0.0860837023801686
"696",0.215322580645161,0.181920903954802,0.155123891745488
"697",0.217164639520536,0.197428404441847,0.0908814396407416
"698",0.205006169575181,0.18971848821352,0.0745718111476345
"699",0.215031729243786,0.190361387103059,0.114728845959093
"700",0.21418561607615,0.190624391194233,0.110003768290117
"701",0.214256125506787,0.186533216442626,0.129391442128371
"702",0.214903930900758,0.190902006623807,0.111686762435422
"703",0.213537810682179,0.194754529514904,0.087962319681321
"704",0.213665609025207,0.19461328657705,0.0891688771771827
"705",0.212985067109869,0.194163813976789,0.0883688860842577
"706",0.211433859635869,0.1900329798781,0.101217845593066
"707",0.213308655032611,0.195239486794133,0.0847090252184798
"708",0.212242199894236,0.190636915198575,0.101795423843265
"709",0.212943516909672,0.195417605966992,0.0823030970701698
"710",0.204565485633703,0.188763880771479,0.0772447258797085
"711",0.20512515423938,0.186309175920514,0.091729258601347
"712",0.216001233915036,0.194496395869862,0.09955886665737
"713",0.215520888418826,0.192041691018897,0.108941632396676
"714",0.212854750572889,0.200477303721021,0.058149732710005
"715",0.218023973206416,0.193683031365673,0.111643419220226
"716",0.213458487572713,0.185559127216053,0.13070157422134
"717",0.2147673188789,0.192090395480226,0.105588334002814
"718",0.21410188612727,0.198631404636665,0.0722575675088104
"719",0.214273752864446,0.19746736801091,0.0784341741760966
"720",0.211188965274105,0.183138515488019,0.132821569297807
"721",0.213515776485105,0.192704071692967,0.0974715083575554
"722",0.2136039132734,0.202040716929671,0.0541338225809065
"723",0.212273047770139,0.19427235534775,0.0847997077890055
"724",0.214344262295082,0.199233252623083,0.070498783173379
"725",0.213630354309889,0.201144554841223,0.0584458117340095
"726",0.213440860215054,0.195650691603351,0.0833494045787592
"727",0.211118455843469,0.192745818374106,0.0870252550681087
"728",0.211805922792173,0.198451893907768,0.0630484204991233
"729",0.213163229331923,0.194929865575687,0.0855370966811762
"730",0.213581879076326,0.195670173387882,0.0838634146581469
"731",0.213110347258946,0.201675433469706,0.0536572434718327
"732",0.212189317821259,0.199403718237733,0.0602556232085885
"733",0.209915388683236,0.196868303136567,0.0621540213345541
"734",0.212339150361361,0.198022598870056,0.0674230421801174
"735",0.215296139608673,0.196410481200078,0.0877194474685973
"736",0.21495240613432,0.198514513929476,0.0764722409972594
"737",0.20636347611493,0.178462887200468,0.135201196644527
"738",0.213202890886656,0.189942528735632,0.109099656455361
"739",0.214057817733122,0.195156689209874,0.0882991741362721
"740",0.213965274105412,0.195991622832651,0.0840026557950019
"741",0.214908337740173,0.194832456653029,0.0934160177229389
"742",0.211664903930901,0.199430157802455,0.0578024315851634
"743",0.21572800987132,0.195611728034288,0.0932483540224171
"744",0.21602326811211,0.192796610169492,0.107519241540983
"745",0.213282213996122,0.191320864991233,0.102968496966597
"746",0.213044244667724,0.186372491720242,0.125193492032988
"747",0.214564604265821,0.193157023183324,0.0997721928821748
"748",0.212011155599204,0.191121872477805,0.0985291696673247
"749",0.210625519377502,0.192130054827308,0.0878120780656464
"750",0.216688700863741,0.191874008516323,0.114517703269732
"751",0.204124801692226,0.185062341710501,0.0933863000659152
"752",0.214212057112639,0.19624488603156,0.0838756292398177
"753",0.210757095011458,0.192743731040049,0.0854697867724429
"754",0.212277454609554,0.192001335893796,0.0955170616354517
"755",0.215428344791116,0.20180206506916,0.063252028117135
"756",0.214458840119866,0.197973894408728,0.0768676437022804
"757",0.209812772279721,0.197393615540898,0.0591916145231905
"758",0.212876784769963,0.198460939022014,0.0677192008678942
"759",0.213621540631059,0.190629261640366,0.107630901466077
"760",0.21389035783536,0.19172580779828,0.103625756024689
"761",0.215683941477173,0.196293590492889,0.089901690647357
"762",0.212453728186145,0.197818040132476,0.0688888266570943
"763",0.214031376696633,0.196064679524644,0.0839442209328711
"764",0.2105480849135,0.192132837939384,0.0874633791215998
"765",0.208910629296668,0.193361581920904,0.0744291826036467
"766",0.213246959280804,0.190049678550555,0.108781296617235
"767",0.216591750396616,0.185378920709137,0.144109042151064
"768",0.214225277630883,0.185242548217417,0.135290894398581
"769",0.214242904988542,0.189202220923437,0.11687987551534
"770",0.203754627181386,0.180289304500292,0.115164612483642
"771",0.205222104706504,0.186596532242353,0.0907581202852793
"772",0.213352723426758,0.201193259302552,0.0569923079907645
"773",0.215243257535695,0.196926748490162,0.0850967842395535
"774",0.213590692755156,0.193264172998247,0.0951657560295013
"775",0.213048651507139,0.192697113912777,0.095525305841609
"776",0.212176097303014,0.194364893824274,0.0839453817142433
"777",0.213313061872025,0.195187999220729,0.08496930517162
"778",0.214771725718315,0.191554646405611,0.108101190857658
"779",0.2151551207474,0.187331969608416,0.129316704349553
"780",0.213855103120042,0.193900114107595,0.0933107918460378
"781",0.214502908514014,0.199483732709916,0.0700185182016602
"782",0.213277807156707,0.197509114692049,0.0739349896497784
"783",0.204314295787062,0.187200467562829,0.0837622651822121
"784",0.214225277630883,0.200131502045587,0.0657895078543427
"785",0.210206240084611,0.18552016364699,0.117437410172432
"786",0.211096421646395,0.189455484122346,0.102516837354543
"787",0.210953514139659,0.1901283014667,0.0987194394835818
"788",0.211902873259298,0.195714007403078,0.0763975759611835
"789",0.21274457958752,0.189864601597506,0.107546702408937
"790",0.215371055878724,0.190987587320141,0.113216088666589
"791",0.214337966810204,0.194881856892377,0.0907730450529798
"792",0.215027322404372,0.200126631599454,0.0692967323329054
"793",0.209863136158747,0.195042581614762,0.0706200946733903
"794",0.213432046536224,0.201392947594,0.0564071756683516
"795",0.211341945556647,0.193737997829173,0.0832960427288003
"796",0.21351136964569,0.192926024881022,0.0964133422909907
"797",0.213903578353605,0.195913695694526,0.0841027662909877
"798",0.212612374405077,0.198139489577245,0.0680716955837066
"799",0.212951701040014,0.19500292226768,0.084285679262838
"800",0.211519478230213,0.197204363919735,0.0676775227995693
"801",0.213551031200423,0.193877849210988,0.092124031800959
"802",0.215371055878724,0.19763783362556,0.0823380011803877
"803",0.216248016922263,0.193999610364309,0.102883748367283
"804",0.215084611316764,0.186952074810053,0.130797532815024
"805",0.210933368588049,0.192224680637889,0.0886947763428428
"806",0.215216816499207,0.180148061562439,0.162946165207759
"807",0.21544156530936,0.202235534774985,0.0612975054995156
"808",0.21361272695223,0.192158581726086,0.100434770588091
"809",0.211817254664954,0.194874203334168,0.0799890044726811
"810",0.214339855455667,0.193312877459575,0.098101111206735
"811",0.214538163229332,0.197861874147672,0.0777311077462419
"812",0.21215406310594,0.189073501989925,0.108791511122226
"813",0.216199541688701,0.188345022404052,0.128837087567723
"814",0.215547329455315,0.19680498733684,0.0869523281306071
"815",0.215128679710911,0.195577634911358,0.090880699058006
"816",0.213740525295258,0.195088502964014,0.0872647912953252
"817",0.213727304777014,0.191437755698422,0.104289665290296
"818",0.213736118455843,0.201724137931034,0.0562000499100979
"819",0.211636574248949,0.199286827530545,0.0583535561479887
"820",0.211017728085417,0.199093749130277,0.0565070009203825
"821",0.211074387449321,0.200399376582895,0.050574638616395
"822",0.214009342499559,0.201982271576076,0.056198812551876
"823",0.215260884893354,0.202303721020845,0.060192839395454
"824",0.215468006345849,0.201855639976622,0.0631758125026582
"825",0.214410364886304,0.194150594194428,0.0944906310971421
"826",0.213136788295435,0.193054743814533,0.0942213901293514
"827",0.21244932134673,0.198314825638028,0.0665311407873756
"828",0.213057465185969,0.193600233781414,0.0913238660169493
"829",0.212273047770139,0.189820767582311,0.10577075339372
"830",0.211729117876659,0.184599301438869,0.128134555652351
"831",0.213119160937775,0.196629651276057,0.0773722531055431
"832",0.21390798519302,0.190307812195597,0.110328620860633
"833",0.213365943945003,0.196590687706994,0.0786219952811808
"834",0.212017451084083,0.19308466226935,0.0892982569025629
"835",0.214546976908161,0.191958893434639,0.105282692858412
"836",0.212912039485281,0.19982953438535,0.0614455863161083
"837",0.213934426229508,0.20190434443795,0.0562325662287372
"838",0.213092719901287,0.19576758231054,0.081303282433923
"839",0.214630706857042,0.185408143385934,0.136152761638958
"840",0.214890710382514,0.200842587180986,0.0653733387381971
"841",0.213833068922968,0.198904149620105,0.0698157650641082
"842",0.212352370879605,0.195981881940386,0.0770911521797928
"843",0.215520888418826,0.195149035651666,0.0945237972830332
"844",0.214181209236735,0.18951392947594,0.115170139568736
"845",0.212986955755332,0.198042080654588,0.0701680299985705
"846",0.216265644279922,0.192392363140464,0.110388689886215
"847",0.21564427992244,0.203112215078901,0.0581145247536628
"848",0.210854045478583,0.195864991233197,0.0710873448567924
"849",0.214921558258417,0.190921488408338,0.111668973762147
"850",0.211779481755685,0.191442626144555,0.0960284511159168
"851",0.213837475762383,0.201310150009741,0.0585833970775204
"852",0.212422880310241,0.1972690712755,0.0713379322067813
"853",0.212434212183022,0.199608972753333,0.0603727586902998
"854",0.213863916798872,0.202323202805377,0.0539628852133495
"855",0.215961572360303,0.188685953633353,0.126298481849561
"856",0.214260532346201,0.194267484901617,0.093311853684185
"857",0.212850343733474,0.194437950516267,0.0865039393136363
"858",0.2128283095364,0.191871225404247,0.0984694384774462
"859",0.215018508725542,0.202625170465615,0.0576384718384719
"860",0.213885950995946,0.19541203974284,0.0863727195128187
"861",0.214829014630707,0.195986752386519,0.0877081816745206
"862",0.21361272695223,0.201463916951936,0.0568730626383092
"863",0.215807332980786,0.202610559127216,0.0611507202804137
"864",0.212488982901463,0.194696779939328,0.0837323550576063
"865",0.215357835360479,0.19298168712254,0.103902178439361
"866",0.212418473470827,0.198767777128385,0.0642632258833015
"867",0.214456951474403,0.192078567253903,0.104349073632944
"868",0.215683941477173,0.195563023572959,0.093288901187587
"869",0.205922792173453,0.17839957140074,0.133657962201336
"870",0.204133615371056,0.185037989479836,0.0935447395888679
"871",0.211471002996651,0.192835573738554,0.0881228584251406
"872",0.215137493389741,0.194378113606635,0.0964935467826543
"873",0.213952053587167,0.199649327878434,0.066850144548421
"874",0.2139917151419,0.195217221897526,0.0877346734284776
"875",0.21525647805394,0.183377167348529,0.148099193081763
"876",0.212912039485281,0.184253847652445,0.134601086449211
"877",0.213176449850167,0.191033508669394,0.103871422928455
"878",0.212511017098537,0.185062341710501,0.129163540614503
"879",0.21361272695223,0.187268653808689,0.123326327599536
"880",0.213727304777014,0.196970582505357,0.0784023468088883
"881",0.213753745813503,0.189849990259108,0.111828475629384
"882",0.214687995769434,0.19260666277031,0.102853133078008
"883",0.213784593689406,0.192363140463666,0.100201108302787
"884",0.21341882601798,0.197321254626924,0.0754271386990945
"885",0.214150361360832,0.201144554841223,0.0607321250217014
"886",0.213158822492508,0.198945896301244,0.0666776351317285
"887",0.216173100652212,0.199142801480616,0.078780843315911
"888",0.213537810682179,0.197267679719462,0.076193208644123
"889",0.214569011105235,0.18864699006429,0.120809714820525
"890",0.214687995769434,0.201366508029278,0.0620504546256165
"891",0.214683588930019,0.186606273134619,0.130784639549475
"892",0.214397144368059,0.188184297681668,0.12226304022684
"893",0.212013044244668,0.195823940330077,0.076358999382642
"894",0.213542217521594,0.193827057415602,0.0923244140423793
"895",0.213202890886656,0.191374439898695,0.102383466270942
"896",0.216433104177684,0.194890902006624,0.0995328429673798
"897",0.21688260179799,0.202966101694915,0.0641660510695893
"898",0.212590340208003,0.19976134813949,0.0603460724318948
"899",0.210699806099066,0.198733684005455,0.0567922786221488
"900",0.214670368411775,0.199990259107734,0.068384423116477
"901",0.216913449673894,0.201953048899279,0.0689694474782735
"902",0.21438833068923,0.197253764159083,0.0799230372057176
"903",0.214829014630707,0.201066627703098,0.0640620493058955
"904",0.212581526529173,0.191661796220534,0.0984080350263578
"905",0.213462894412128,0.187638807714787,0.1209769349772
"906",0.215282919090428,0.198456068575882,0.0781615679759468
"907",0.210825715796631,0.19332331412986,0.0830183433773043
"908",0.215445972148775,0.182763491135788,0.151696876423469
"909",0.214057817733122,0.189952269627898,0.112612322971907
"910",0.214842235148951,0.191408533021625,0.109074000794489
"911",0.215357835360479,0.20263491135788,0.0590780641034151
"912",0.211663015285437,0.192658150343714,0.0897883124082591
"913",0.211878950416761,0.189682307756533,0.104760961938727
"914",0.213498149127446,0.19493473602182,0.0869488245284269
"915",0.21428697338269,0.194423339177869,0.0926964149582125
"916",0.214295787061519,0.194754529514904,0.0911882487965386
"917",0.211858804865151,0.188043054743815,0.112413312897215
"918",0.213467301251542,0.184370738359634,0.136304542762839
"919",0.202701392561255,0.18332220088503,0.0956046301969494
"920",0.213515776485105,0.184248977206312,0.137070898275447
"921",0.215040542922616,0.190824079485681,0.112613477941457
"922",0.214762912039485,0.187531657899864,0.126796819250686
"923",0.213916798871849,0.196347165400351,0.0821330235126783
"924",0.212330336682531,0.194452561854666,0.084197930014097
"925",0.21447206063811,0.196897525813364,0.0819432366736116
"926",0.210634333056332,0.193060310038685,0.0834338009508961
"927",0.21389917151419,0.192118226600985,0.101828093858511
"928",0.215058170280275,0.191501071498149,0.109538264700313
"929",0.213255772959633,0.199512955386713,0.0644428865028723
"930",0.214524942711088,0.195460744204169,0.088867048586482
"931",0.212867971091133,0.194735743508391,0.0851806285830551
"932",0.20434955050238,0.187609585037989,0.0819182886541035
"933",0.212947294200599,0.194423339177869,0.0869884498522007
"934",0.214586638462894,0.18694720436392,0.128803145885311
"935",0.213251366120219,0.185050513484178,0.132242307044085
"936",0.213987308302485,0.189596727060199,0.113981438599195
"937",0.211391679887185,0.194506136762127,0.0798779929941847
"938",0.216049709148599,0.195704266510812,0.0941701922116115
"939",0.216243610082849,0.183026495226963,0.153609694377371
"940",0.214335448616252,0.189198046255323,0.117280657601048
"941",0.214886303543099,0.18881049789875,0.121346987753077
"942",0.213528997003349,0.198347179315911,0.0710995597811009
"943",0.214004935660145,0.190600038963569,0.109366153749576
"944",0.212123215230037,0.199053046116167,0.0616159296835852
"945",0.20568922968447,0.188944087278395,0.0814099135465812
"946",0.214540681423283,0.18586179065431,0.133675769922586
"947",0.214881896703684,0.190536723163842,0.113295600575481
"948",0.211528291909043,0.193775569842198,0.0839259935710111
"949",0.210823827151167,0.191457933260972,0.09185818392486
"950",0.21592191080557,0.198597311513735,0.08023548526039
"951",0.215490040542923,0.189236314046367,0.121832667674155
"952",0.216499206768905,0.188028443405416,0.131505162482556
"953",0.213185263528997,0.191642314436002,0.10105271225778
"954",0.213912392032434,0.186903370348724,0.126262071248379
"955",0.212665256478054,0.195231833235924,0.0819758879792788
"956",0.215238850696281,0.193184854304083,0.102462897942704
"957",0.211880839062225,0.20065542289388,0.0529798551772206
"958",0.21244932134673,0.194506136762127,0.0844586580501162
"959",0.215631059404195,0.198173582700175,0.0809599356987638
"960",0.207548915917504,0.182047535554257,0.122869253498695
"961",0.212612374405077,0.197428404441847,0.0714162099253018
"962",0.214577824784065,0.192031950126632,0.105070851007656
"963",0.215939538163229,0.202211182544321,0.0635749975927565
"964",0.213678829543451,0.195032144944477,0.0872650072017675
"965",0.213802221047065,0.187565751022794,0.122713739341818
"966",0.213595099594571,0.19326904344438,0.0951616221007531
"967",0.21274457958752,0.192631015000974,0.0945432528788417
"968",0.216662259827252,0.198392752776154,0.0843225168317922
"969",0.215520888418826,0.19197837521917,0.109235412735982
"970",0.205416005640754,0.182053797556428,0.113731196415066
"971",0.215873435572008,0.194954217806351,0.0969050115417225
"972",0.212015562438619,0.190167265035763,0.103050441918297
"973",0.201956636700159,0.186240989674654,0.0778169377460826
"974",0.205385157764851,0.181916033508669,0.114268842557026
"975",0.213925612550679,0.194973699590882,0.0885911356467729
"976",0.212286268288384,0.19590395480226,0.0771708580974672
"977",0.21158998766085,0.19723497815257,0.0678435197571286
"978",0.212726952229861,0.197608610948763,0.0710692327541168
"979",0.214560197426406,0.193427680832707,0.0984922499474633
"980",0.213097126740702,0.200457821936489,0.0593124130650143
"981",0.205438039837828,0.185218891764771,0.0984196894061968
"982",0.199454181461056,0.180265648047647,0.0962052200302247
"983",0.213846289441213,0.196020845509449,0.0833563396322778
"984",0.213352723426758,0.196537112799532,0.0788160111440927
"985",0.210351665785299,0.192358965795553,0.0855362847856453
"986",0.211585580821435,0.197481979349308,0.0666567230969725
"987",0.206530936012692,0.179821741671537,0.129322971448274
"988",0.215626652564781,0.186835184102864,0.133524627495977
"989",0.214132734003173,0.192304695110072,0.101936955107375
"990",0.216045302309184,0.193186245860121,0.10580677387907
"991",0.214273752864446,0.191194233391779,0.107710436598679
"992",0.213194077207827,0.196157218001169,0.0799124414232658
"993",0.212696104353957,0.19614260666277,0.0778269904917469
"994",0.214229684470298,0.197077732320281,0.0800633777360364
"995",0.214586638462894,0.190814338593415,0.110781827050196
"996",0.212788647981668,0.194438646294286,0.0862358112682882
"997",0.216931077031553,0.198738554451588,0.0838631459766325
"998",0.214062224572537,0.196162088447302,0.0836211814624453
"999",0.215454785827604,0.181073446327684,0.159575659309935
"1000",0.207901463070686,0.190371127995324,0.0843204026390189
